1 1 34028 3
5 2 38589 1
6 2 4266 2
0 4 337440 8
0 3 197442 8
6 3 4266 1
2 1 30129 4
3 3 51610 5
6 4 4266 1
7 3 54356 1
7 4 94929 7
5 4 314729 1
7 3 54356 1
6 3 4266 1
4 4 203049 8
3 3 51610 5
7 3 54356 5
5 4 314729 6
1 2 92594 1
6 3 4266 1
4 3 140020 1
2 2 53304 4
2 3 55344 1
7 3 54356 5
0 1 22213 1
0 3 197442 1
7 2 116048 1
0 1 22213 1
0 2 91988 1
3 2 48556 1
1 4 817314 1
4 2 75936 1
0 2 91988 8
5 2 38589 1
0 1 22213 1
5 1 24162 1
1 3 245165 7
6 3 4266 2
6 1 4266 1
3 2 48556 1
5 3 120467 1
0 2 91988 6
1 3 245165 1
3 1 35140 3
7 3 54356 4
3 2 48556 5
2 1 30129 1
5 1 24162 1
4 3 140020 7
2 2 53304 1
6 2 4266 2
1 3 245165 1
5 3 120467 1
6 2 4266 1
3 1 35140 1
6 2 4266 1
5 4 314729 1
6 1 4266 1
4 4 203049 1
2 2 53304 4
3 4 102851 1
5 4 314729 1
5 4 314729 1
3 3 51610 5
1 3 245165 1
7 1 91735 8
6 4 4266 1
2 4 102888 1
3 1 35140 1
5 2 38589 1
7 2 116048 7
4 2 75936 1
2 1 30129 1
0 3 197442 7
4 2 75936 1
2 2 53304 5
6 3 4266 1
5 2 38589 1
4 4 203049 1
5 4 314729 1
4 2 75936 6
6 2 4266 1
3 1 35140 4
1 3 245165 7
5 3 120467 8
7 2 116048 6
7 4 94929 1
1 3 245165 7
1 4 817314 8
6 1 4266 1
4 4 203049 1
5 4 314729 1
1 4 817314 7
5 4 314729 1
2 3 55344 1
5 1 24162 2
4 4 203049 1
2 3 55344 4
5 4 314729 1
3 2 48556 1
