1 4 817314 7
1 4 817314 1
1 4 817314 8
0 4 337440 8
5 4 314729 1
5 4 314729 1
5 4 314729 1
5 4 314729 1
5 4 314729 1
5 4 314729 6
5 4 314729 1
5 4 314729 1
5 4 314729 1
1 3 245165 7
1 3 245165 7
1 3 245165 1
1 3 245165 1
1 3 245165 7
1 3 245165 1
4 4 203049 1
4 4 203049 8
4 4 203049 1
4 4 203049 1
4 4 203049 1
0 3 197442 8
0 3 197442 7
0 3 197442 1
4 3 140020 1
4 3 140020 7
5 3 120467 8
5 3 120467 1
5 3 120467 1
7 2 116048 1
7 2 116048 6
7 2 116048 7
2 4 102888 1
3 4 102851 1
7 4 94929 1
7 4 94929 7
1 2 92594 1
0 2 91988 8
0 2 91988 1
0 2 91988 6
7 1 91735 8
4 2 75936 1
4 2 75936 6
4 2 75936 1
4 2 75936 1
2 3 55344 1
2 3 55344 1
2 3 55344 4
7 3 54356 4
7 3 54356 1
7 3 54356 1
7 3 54356 5
7 3 54356 5
2 2 53304 4
2 2 53304 5
2 2 53304 4
2 2 53304 1
3 3 51610 5
3 3 51610 5
3 3 51610 5
3 2 48556 1
3 2 48556 1
3 2 48556 1
3 2 48556 5
5 2 38589 1
5 2 38589 1
5 2 38589 1
5 2 38589 1
3 1 35140 3
3 1 35140 1
3 1 35140 4
3 1 35140 1
1 1 34028 3
2 1 30129 4
2 1 30129 1
2 1 30129 1
5 1 24162 1
5 1 24162 2
5 1 24162 1
0 1 22213 1
0 1 22213 1
0 1 22213 1
6 4 4266 1
6 4 4266 1
6 3 4266 1
6 3 4266 1
6 3 4266 1
6 3 4266 2
6 3 4266 1
6 2 4266 2
6 2 4266 1
6 2 4266 2
6 2 4266 1
6 2 4266 1
6 1 4266 1
6 1 4266 1
6 1 4266 1
