1 4 817314 8
1 4 817314 8
1 4 817314 8
0 4 337440 8
5 4 314729 8
5 4 314729 8
5 4 314729 8
5 4 314729 8
5 4 314729 8
5 4 314729 8
5 4 314729 8
5 4 314729 8
5 4 314729 8
1 3 245165 8
1 3 245165 8
1 3 245165 8
1 3 245165 8
1 3 245165 8
1 3 245165 8
4 4 203049 8
4 4 203049 8
4 4 203049 8
4 4 203049 8
4 4 203049 8
0 3 197442 8
0 3 197442 8
0 3 197442 8
4 3 140020 8
4 3 140020 8
5 3 120467 8
5 3 120467 8
5 3 120467 8
7 2 116048 8
7 2 116048 8
7 2 116048 8
2 4 102888 8
3 4 102851 8
7 4 94929 8
7 4 94929 8
1 2 92594 8
0 2 91988 8
0 2 91988 8
0 2 91988 8
7 1 91735 8
4 2 75936 8
4 2 75936 8
4 2 75936 8
4 2 75936 8
2 3 55344 8
2 3 55344 8
2 3 55344 8
7 3 54356 8
7 3 54356 8
7 3 54356 8
7 3 54356 8
7 3 54356 8
2 2 53304 8
2 2 53304 8
2 2 53304 8
2 2 53304 8
3 3 51610 8
3 3 51610 8
3 3 51610 8
3 2 48556 8
3 2 48556 8
3 2 48556 8
3 2 48556 8
5 2 38589 8
5 2 38589 8
5 2 38589 8
5 2 38589 8
3 1 35140 8
3 1 35140 8
3 1 35140 8
3 1 35140 8
1 1 34028 8
2 1 30129 8
2 1 30129 8
2 1 30129 8
5 1 24162 8
5 1 24162 8
5 1 24162 8
0 1 22213 8
0 1 22213 8
0 1 22213 8
6 4 4266 8
6 4 4266 8
6 3 4266 8
6 3 4266 8
6 3 4266 8
6 3 4266 8
6 3 4266 8
6 2 4266 8
6 2 4266 8
6 2 4266 8
6 2 4266 8
6 2 4266 8
6 1 4266 8
6 1 4266 8
6 1 4266 8
