0 4 337440 8
0 4 337440 8
0 4 337440 8
0 4 337440 8
0 4 337440 8
0 4 337440 8
0 4 337440 8
0 4 337440 8
0 4 337440 8
0 4 337440 8
0 4 337440 8
0 4 337440 8
0 4 337440 8
0 4 337440 8
0 4 337440 8
0 4 337440 8
0 4 337440 8
0 4 337440 8
0 4 337440 8
0 4 337440 8
0 4 337440 8
0 4 337440 8
0 4 337440 8
0 4 337440 8
0 4 337440 8
0 3 197442 8
0 3 197442 8
0 3 197442 8
0 3 197442 8
0 3 197442 8
0 3 197442 8
0 3 197442 8
0 3 197442 8
0 3 197442 8
0 3 197442 8
0 3 197442 8
0 3 197442 8
0 3 197442 8
0 3 197442 8
0 3 197442 8
0 3 197442 8
0 3 197442 8
0 3 197442 8
0 3 197442 8
0 3 197442 8
0 3 197442 8
0 3 197442 8
0 3 197442 8
0 3 197442 8
0 3 197442 8
0 2 91988 8
0 2 91988 8
0 2 91988 8
0 2 91988 8
0 2 91988 8
0 2 91988 8
0 2 91988 8
0 2 91988 8
0 2 91988 8
0 2 91988 8
0 2 91988 8
0 2 91988 8
0 2 91988 8
0 2 91988 8
0 2 91988 8
0 2 91988 8
0 2 91988 8
0 2 91988 8
0 2 91988 8
0 2 91988 8
0 2 91988 8
0 2 91988 8
0 2 91988 8
0 2 91988 8
0 2 91988 8
0 1 22213 8
0 1 22213 8
0 1 22213 8
0 1 22213 8
0 1 22213 8
0 1 22213 8
0 1 22213 8
0 1 22213 8
0 1 22213 8
0 1 22213 8
0 1 22213 8
0 1 22213 8
0 1 22213 8
0 1 22213 8
0 1 22213 8
0 1 22213 8
0 1 22213 8
0 1 22213 8
0 1 22213 8
0 1 22213 8
0 1 22213 8
0 1 22213 8
0 1 22213 8
0 1 22213 8
0 1 22213 8
