0 4 337440 7
0 4 337440 1
0 4 337440 1
0 4 337440 7
0 4 337440 8
0 4 337440 7
0 4 337440 1
0 4 337440 1
0 4 337440 7
0 4 337440 8
0 4 337440 7
0 4 337440 1
0 4 337440 1
0 4 337440 7
0 4 337440 8
0 4 337440 7
0 4 337440 1
0 4 337440 1
0 4 337440 7
0 4 337440 8
0 4 337440 1
0 4 337440 1
0 4 337440 1
0 4 337440 1
0 4 337440 1
0 3 197442 2
0 3 197442 1
0 3 197442 6
0 3 197442 3
0 3 197442 6
0 3 197442 1
0 3 197442 1
0 3 197442 1
0 3 197442 1
0 3 197442 1
0 3 197442 2
0 3 197442 1
0 3 197442 6
0 3 197442 3
0 3 197442 6
0 3 197442 1
0 3 197442 1
0 3 197442 1
0 3 197442 1
0 3 197442 1
0 3 197442 1
0 3 197442 6
0 3 197442 1
0 3 197442 1
0 3 197442 1
0 2 91988 1
0 2 91988 1
0 2 91988 1
0 2 91988 3
0 2 91988 2
0 2 91988 3
0 2 91988 1
0 2 91988 1
0 2 91988 3
0 2 91988 1
0 2 91988 3
0 2 91988 2
0 2 91988 1
0 2 91988 2
0 2 91988 1
0 2 91988 1
0 2 91988 3
0 2 91988 1
0 2 91988 2
0 2 91988 2
0 2 91988 1
0 2 91988 2
0 2 91988 1
0 2 91988 1
0 2 91988 1
0 1 22213 1
0 1 22213 1
0 1 22213 1
0 1 22213 1
0 1 22213 1
0 1 22213 1
0 1 22213 1
0 1 22213 1
0 1 22213 1
0 1 22213 1
0 1 22213 1
0 1 22213 1
0 1 22213 1
0 1 22213 1
0 1 22213 1
0 1 22213 1
0 1 22213 1
0 1 22213 1
0 1 22213 1
0 1 22213 1
0 1 22213 1
0 1 22213 1
0 1 22213 1
0 1 22213 1
0 1 22213 1
